EigenValues
PC1 : 4.39994421103492
PC2 : 4.112140275314356
PC3 : 2.9376741148534724
PC4 : 2.8645092348854653
PC5 : 2.5507316595313534
PC6 : 2.32738292055922
PC7 : 2.2399208564150066
PC8 : 2.025523994047364
PC9 : 1.8637943974774465
PC10: 1.6832280496937069
PC11: 1.618150879120494
PC12: 1.5115310502187307
PC13: 1.3572750305691272
PC14: 1.2389296686952154
PC15: 1.1781240439726044
PC16: 1.0703288485541447
PC17: 1.0139645933135935 <-----
PC18: 0.9377522668135903
PC19: 0.9156172174362968
PC20: 0.8292087429061704
PC21: 0.807479695574143
PC22: 0.7809476254361241
PC23: 0.7260318288890353
PC24: 0.6734660514285032
PC25: 0.597995691827226
PC26: 0.5733724889582751
PC27: 0.5277105001261154
PC28: 0.5148881721379801
PC29: 0.47748449242734253
PC30: 0.4126795669678141
PC31: 0.38929798562508705
PC32: 0.35708171822439805
PC33: 0.31693068169930694
PC34: 0.2983749852873083
PC35: 0.2644948214979441
PC36: 0.23332059855845214
PC37: 0.2154679399147463
PC38: 0.17478080416851605
PC39: 0.14441294412349423
PC40: 0.1240403178694851
PC41: 0.11216892815847843
PC42: 0.08996091501274545
PC43: 0.07593941870666121
PC44: 1.0417350480776473e-15
PC45: 5.087071796786515e-16
PC46: 8.715254074766381e-31
PC47: 4.2892871362208254e-32
